2 0.637890625 0.7356389214536928 0.05859375 0.0738569753810082
2 0.86015625 0.8229777256740914 0.0765625 0.08206330597889801
2 0.33515625 0.8599062133645955 0.0921875 0.11840562719812427
2 0.546875 0.8909730363423212 0.103125 0.1242672919109027
2 0.14921875 0.8710433763188745 0.109375 0.15474794841735054
2 0.600390625 0.8235638921453693 0.06484375 0.08558030480656506
2 0.5109375 0.8259085580304807 0.090625 0.12075029308323564
2 0.5921875 0.6131301289566237 0.0421875 0.05627198124267292
2 0.210546875 0.8100820633059789 0.06328125 0.07502930832356389
2 0.220703125 0.7655334114888629 0.04140625 0.05627198124267292
2 0.296484375 0.6652989449003517 0.03828125 0.05041031652989449
2 0.3484375 0.7854630715123095 0.06875 0.06330597889800703
2 0.328125 0.7473622508792497 0.0578125 0.04572098475967175
2 0.325 0.6981242672919109 0.0484375 0.038686987104337635
2 0.4140625 0.7186400937866354 0.0546875 0.0492379835873388
2 0.44453125 0.753810082063306 0.0578125 0.05627198124267292
2 0.5515625 0.7344665885111371 0.0796875 0.0668229777256741
2 0.502734375 0.7139507620164126 0.03515625 0.03985932004689332
2 0.499609375 0.6711606096131302 0.05390625 0.04806565064478312
2 0.4234375 0.6729191090269636 0.0546875 0.04220398593200469
2 0.39765625 0.6588511137162955 0.0359375 0.035169988276670575
2 0.33359375 0.6565064478311841 0.0421875 0.04220398593200469
2 0.259375 0.634232121922626 0.040625 0.05158264947245018
2 0.338671875 0.567409144196952 0.03046875 0.03751465416178194
2 0.54453125 0.5650644783118406 0.03125 0.032825322391559206
2 0.923828125 0.6066822977725674 0.03828125 0.041031652989449004
2 0.79765625 0.5474794841735052 0.03125 0.02579132473622509
2 0.738671875 0.5574443141852286 0.03515625 0.03399765533411489
2 0.478125 0.6266119577960141 0.05 0.03634232121922626
2 0.326953125 0.6066822977725674 0.04453125 0.03399765533411489
2 0.3796875 0.5867526377491208 0.0359375 0.03634232121922626
5 0.873046875 0.552168815943728 0.05390625 0.08440797186400938
5 0.236328125 0.7180539273153576 0.07578125 0.09964830011723329
