2 0.723046875 0.8229043683589138 0.08515625 0.10625737898465171
2 0.815234375 0.8105076741440378 0.08515625 0.0885478158205431
2 0.169921875 0.9327036599763873 0.10859375 0.12514757969303425
2 0.389453125 0.6770956316410862 0.02734375 0.03423848878394333
2 0.576171875 0.7426210153482881 0.03984375 0.05667060212514758
2 0.62734375 0.7018890200708382 0.0375 0.05076741440377804
2 0.544140625 0.6965761511216056 0.02734375 0.03778040141676505
2 0.5921875 0.6517119244391971 0.0328125 0.04014167650531287
2 0.409375 0.6097992916174735 0.0171875 0.020070838252656435
2 0.431640625 0.6263282172373081 0.01953125 0.031877213695395513
2 0.534375 0.6375442739079102 0.021875 0.023612750885478158
