2 0.63515625 0.6439393939393939 0.1421875 0.12310606060606061
2 0.344921875 0.6576704545454546 0.15234375 0.13162878787878787
2 0.536328125 0.609375 0.10546875 0.09564393939393939
2 0.375 0.5795454545454546 0.1046875 0.028409090909090908
2 0.239453125 0.5662878787878788 0.08203125 0.05113636363636364
2 0.38046875 0.5445075757575758 0.0984375 0.030303030303030304
2 0.29765625 0.4734848484848485 0.0421875 0.032196969696969696
2 0.378515625 0.48579545454545453 0.05703125 0.02462121212121212
2 0.04921875 0.39204545454545453 0.0375 0.032196969696969696
2 0.1609375 0.3697916666666667 0.0265625 0.021780303030303032
