2 0.351953125 0.76875 0.16953125 0.12083333333333333
2 0.924609375 0.76875 0.05703125 0.041666666666666664
2 0.588671875 0.7640625 0.13671875 0.140625
2 0.21484375 0.7083333333333334 0.075 0.04375
2 0.040234375 0.703125 0.07734375 0.03958333333333333
2 0.815234375 0.7536458333333333 0.04140625 0.03854166666666667
2 0.737109375 0.7489583333333333 0.03046875 0.035416666666666666
2 0.689453125 0.7442708333333333 0.02890625 0.034375
2 0.860546875 0.7630208333333334 0.03203125 0.034375
2 0.455078125 0.7197916666666667 0.03828125 0.029166666666666667
