2 0.16640625 0.771505376344086 0.0859375 0.0967741935483871
2 0.1375 0.6115591397849462 0.065625 0.08602150537634409
2 0.078125 0.581989247311828 0.059375 0.08064516129032258
2 0.429296875 0.8924731182795699 0.10390625 0.1478494623655914
2 0.039453125 0.9206989247311828 0.07890625 0.1532258064516129
2 0.86484375 0.9146505376344086 0.096875 0.14381720430107528
2 0.2390625 0.4993279569892473 0.0484375 0.06317204301075269
2 0.344921875 0.6001344086021505 0.06171875 0.06854838709677419
2 0.32734375 0.7809139784946236 0.0828125 0.0967741935483871
2 0.216015625 0.9059139784946236 0.12109375 0.18548387096774194
2 0.4046875 0.6538978494623656 0.0703125 0.09005376344086022
2 0.164453125 0.49260752688172044 0.04765625 0.06317204301075269
2 0.356640625 0.4254032258064516 0.04140625 0.0739247311827957
5 0.50703125 0.6545698924731183 0.11875 0.3010752688172043
5 0.592578125 0.5100806451612904 0.08359375 0.19489247311827956
5 0.683984375 0.34408602150537637 0.03828125 0.08333333333333333
5 0.727734375 0.3971774193548387 0.03828125 0.0846774193548387
5 0.703515625 0.28763440860215056 0.02890625 0.051075268817204304
5 0.859765625 0.7594086021505376 0.08671875 0.13440860215053763
5 0.0546875 0.4549731182795699 0.0703125 0.09811827956989247
5 0.16484375 0.3897849462365591 0.04375 0.09408602150537634
5 0.2171875 0.3844086021505376 0.0671875 0.12365591397849462
5 0.31484375 0.3541666666666667 0.05 0.10349462365591398
5 0.4234375 0.31451612903225806 0.0328125 0.08064516129032258
5 0.477734375 0.2661290322580645 0.02734375 0.06451612903225806
5 0.505859375 0.23723118279569894 0.03203125 0.05779569892473118
5 0.576953125 0.20094086021505375 0.02421875 0.036290322580645164
5 0.614453125 0.1821236559139785 0.02890625 0.05241935483870968
5 0.58984375 0.17204301075268819 0.0203125 0.056451612903225805
2 0.903515625 0.8635752688172043 0.06796875 0.0846774193548387
2 0.810546875 0.7379032258064516 0.02578125 0.08064516129032258
2 0.735546875 0.6700268817204301 0.07109375 0.09543010752688172
2 0.7515625 0.6095430107526881 0.040625 0.06854838709677419
2 0.62734375 0.8454301075268817 0.090625 0.13172043010752688
2 0.64609375 0.7513440860215054 0.08125 0.1424731182795699
2 0.698046875 0.5678763440860215 0.05390625 0.04973118279569892
2 0.666015625 0.6915322580645161 0.06484375 0.11155913978494623
2 0.709375 0.5295698924731183 0.0375 0.04032258064516129
2 0.69921875 0.4952956989247312 0.0421875 0.025537634408602152
2 0.727734375 0.48588709677419356 0.03515625 0.04704301075268817
2 0.713671875 0.4522849462365591 0.03203125 0.01478494623655914
2 0.660546875 0.42943548387096775 0.03671875 0.04704301075268817
2 0.64765625 0.4657258064516129 0.025 0.04435483870967742
2 0.667578125 0.3958333333333333 0.02890625 0.0228494623655914
2 0.626953125 0.3810483870967742 0.03203125 0.038978494623655914
2 0.608203125 0.3481182795698925 0.01953125 0.02956989247311828
2 0.52421875 0.4388440860215054 0.0328125 0.036290322580645164
2 0.475390625 0.48051075268817206 0.05234375 0.036290322580645164
2 0.40078125 0.5477150537634409 0.05625 0.06317204301075269
2 0.258984375 0.676747311827957 0.09140625 0.12768817204301075
2 0.05625 0.5309139784946236 0.06875 0.05913978494623656
2 0.1328125 0.4596774193548387 0.0453125 0.053763440860215055
2 0.215625 0.4650537634408602 0.040625 0.04838709677419355
2 0.248828125 0.44018817204301075 0.04609375 0.05779569892473118
2 0.26171875 0.3756720430107527 0.025 0.036290322580645164
2 0.362890625 0.3541666666666667 0.03515625 0.04435483870967742
2 0.30625 0.46639784946236557 0.040625 0.06720430107526881
2 0.437890625 0.41935483870967744 0.04453125 0.06451612903225806
2 0.476953125 0.36223118279569894 0.02109375 0.030913978494623656
2 0.528125 0.3548387096774194 0.025 0.03494623655913978
2 0.44609375 0.3689516129032258 0.0265625 0.036290322580645164
2 0.5171875 0.3293010752688172 0.0234375 0.02956989247311828
2 0.512109375 0.28696236559139787 0.01640625 0.0228494623655914
2 0.546875 0.28091397849462363 0.01875 0.026881720430107527
2 0.53203125 0.2157258064516129 0.01875 0.025537634408602152
2 0.569921875 0.2567204301075269 0.02265625 0.026881720430107527
