2 0.866796875 0.7385964912280701 0.20703125 0.23976608187134502
2 0.65 0.6637426900584795 0.08125 0.1111111111111111
2 0.11484375 0.7614035087719299 0.1859375 0.2783625730994152
2 0.249609375 0.7181286549707603 0.08046875 0.17777777777777778
2 0.716015625 0.6824561403508772 0.09296875 0.19298245614035087
2 0.400390625 0.5678362573099415 0.05234375 0.06666666666666667
2 0.59140625 0.5578947368421052 0.0546875 0.06549707602339182
2 0.5796875 0.5368421052631579 0.0515625 0.0608187134502924
2 0.1515625 0.7274853801169591 0.1625 0.26432748538011697
2 0.794921875 0.6871345029239766 0.15390625 0.22339181286549709
2 0.959375 0.8046783625730994 0.06875 0.3368421052631579
2 0.414453125 0.5339181286549708 0.03828125 0.04093567251461988
2 0.424609375 0.5029239766081871 0.02890625 0.03976608187134503
