2 0.106640625 0.9013888888888889 0.20234375 0.19444444444444445
2 0.521484375 0.8666666666666667 0.12578125 0.18888888888888888
2 0.37734375 0.88125 0.18125 0.23194444444444445
2 0.397265625 0.6951388888888889 0.10234375 0.13472222222222222
2 0.89375 0.5944444444444444 0.10625 0.15
5 0.5859375 0.64375 0.240625 0.3347222222222222
2 0.72265625 0.7729166666666667 0.13125 0.20694444444444443
2 0.165234375 0.9541666666666667 0.17265625 0.08888888888888889
2 0.223828125 0.7888888888888889 0.24453125 0.19444444444444445
2 0.748046875 0.6125 0.09609375 0.13055555555555556
2 0.6265625 0.9013888888888889 0.1578125 0.15833333333333333
2 0.28125 0.8930555555555556 0.1078125 0.175
2 0.263671875 0.6347222222222222 0.07734375 0.12777777777777777
2 0.47578125 0.5145833333333333 0.1 0.10138888888888889
2 0.81875 0.47638888888888886 0.125 0.07222222222222222
2 0.83046875 0.5472222222222223 0.0796875 0.13055555555555556
2 0.902734375 0.5069444444444444 0.08671875 0.09166666666666666
2 0.6890625 0.4986111111111111 0.0609375 0.10555555555555556
0 0.098828125 0.6388888888888888 0.02109375 0.09444444444444444
0 0.38359375 0.4722222222222222 0.03125 0.08888888888888889
0 0.4734375 0.4284722222222222 0.0265625 0.07361111111111111
0 0.314453125 0.20694444444444443 0.01328125 0.06666666666666667
0 0.608984375 0.20625 0.01015625 0.06805555555555555
0 0.621484375 0.21736111111111112 0.01328125 0.0625
0 0.804296875 0.3055555555555556 0.01796875 0.07777777777777778
0 0.899609375 0.35555555555555557 0.01484375 0.10277777777777777
0 0.88515625 0.33819444444444446 0.0109375 0.07916666666666666
0 0.863671875 0.3486111111111111 0.01484375 0.08611111111111111
0 0.848828125 0.3236111111111111 0.01171875 0.075
0 0.8328125 0.32430555555555557 0.01875 0.0875
0 0.576171875 0.19583333333333333 0.01171875 0.05555555555555555
2 0.974609375 0.5680555555555555 0.04453125 0.11944444444444445
2 0.428125 0.6020833333333333 0.1140625 0.0875
