2 0.50859375 0.7555168408826946 0.2515625 0.3147502903600465
2 0.392578125 0.6660859465737514 0.11796875 0.18931475029036005
2 0.841796875 0.6591173054587689 0.22109375 0.289198606271777
2 0.6671875 0.6498257839721254 0.1171875 0.18699186991869918
2 0.587109375 0.6265969802555168 0.08046875 0.1173054587688734
2 0.3375 0.6178861788617886 0.025 0.11846689895470383
2 0.5140625 0.5725900116144018 0.078125 0.06039488966318235
2 0.465234375 0.5656213704994193 0.04609375 0.04878048780487805
5 0.1046875 0.5040650406504065 0.0515625 0.06968641114982578
0 0.012890625 0.5679442508710801 0.01796875 0.06039488966318235
2 0.0390625 0.5435540069686411 0.040625 0.06039488966318235
2 0.2578125 0.5441347270615563 0.0203125 0.047619047619047616
2 0.21328125 0.5319396051103368 0.0203125 0.04413472706155633
2 0.194140625 0.524390243902439 0.01953125 0.0429732868757259
2 0.169140625 0.5255516840882695 0.02578125 0.03832752613240418
2 0.13125 0.5261324041811847 0.0234375 0.03716608594657375
