2 0.7046875 0.779601406799531 0.153125 0.20164126611957797
2 0.513671875 0.7233294255568582 0.10078125 0.11723329425556858
2 0.112109375 0.7221570926143025 0.14609375 0.20164126611957797
2 0.60078125 0.6840562719812426 0.0578125 0.07151230949589683
2 0.310546875 0.6951934349355217 0.09453125 0.1242672919109027
2 0.03359375 0.7391559202813599 0.0640625 0.2309495896834701
2 0.6796875 0.638335287221571 0.0515625 0.08558030480656506
2 0.39296875 0.6424384525205158 0.0609375 0.07971864009378664
2 0.356640625 0.6729191090269636 0.06484375 0.09378663540445487
2 0.45625 0.5158264947245017 0.06875 0.04689331770222743
2 0.548046875 0.593200468933177 0.05078125 0.04689331770222743
2 0.529296875 0.6365767878077374 0.04453125 0.05158264947245018
2 0.579296875 0.6447831184056272 0.05234375 0.07268464243845252
2 0.666015625 0.597303634232122 0.09140625 0.06213364595545135
2 0.65390625 0.4859320046893318 0.0296875 0.03634232121922626
2 0.5796875 0.47596717467760846 0.0296875 0.02813599062133646
2 0.633984375 0.4718640093786635 0.02265625 0.026963657678780773
4 0.610546875 0.5386869871043376 0.06171875 0.10902696365767878
4 0.54375 0.5269636576787807 0.059375 0.08089097303634232
2 0.311328125 0.6025791324736225 0.07578125 0.04220398593200469
2 0.331640625 0.5943728018757327 0.06328125 0.04220398593200469
2 0.369140625 0.5715123094958968 0.04453125 0.041031652989449004
2 0.392578125 0.5586166471277842 0.03828125 0.031652989449003514
