2 0.678515625 0.7292993630573248 0.23203125 0.3273885350318471
2 0.3953125 0.6426751592356688 0.14375 0.19235668789808918
2 0.525 0.578343949044586 0.0859375 0.1070063694267516
4 0.44453125 0.3292993630573248 0.0765625 0.1286624203821656
2 0.418359375 0.4942675159235669 0.06171875 0.08152866242038216
4 0.532421875 0.34585987261146495 0.08828125 0.1643312101910828
2 0.0921875 0.5949044585987261 0.140625 0.19872611464968154
2 0.219921875 0.5057324840764331 0.08359375 0.12993630573248408
2 0.63984375 0.5184713375796178 0.0828125 0.09426751592356689
2 0.4859375 0.5076433121019108 0.0796875 0.10318471337579618
2 0.299609375 0.29745222929936305 0.11171875 0.07770700636942675
2 0.159375 0.5535031847133758 0.103125 0.14904458598726114
2 0.125390625 0.4305732484076433 0.09609375 0.06878980891719745
2 0.09921875 0.4426751592356688 0.109375 0.062420382165605096
2 0.168359375 0.3910828025477707 0.08984375 0.06878980891719745
2 0.201171875 0.37133757961783437 0.08203125 0.06751592356687898
2 0.230859375 0.35987261146496813 0.06796875 0.05732484076433121
2 0.601953125 0.2573248407643312 0.04140625 0.045859872611464965
2 0.574609375 0.23248407643312102 0.03203125 0.04203821656050955
2 0.490234375 0.23439490445859873 0.03984375 0.045859872611464965
2 0.50859375 0.20828025477707007 0.03125 0.049681528662420385
2 0.61796875 0.435031847133758 0.134375 0.0980891719745223
2 0.63828125 0.4643312101910828 0.075 0.05477707006369427
